402
389
346
298
287
304
264
228
223
270
255
326
320
362
360
413
394
435
496
522
521
525
532
516
549
533
517
506
497
451
418
409
382
340
312
293
277
249
259
245
243
266
283
291
334
347
345
404
417
406
475
551
494
539
496
573
516
562
503
519
486
493
420
420
406
373
313
281
288
243
301
238
271
248
278
262
304
332
363
379
423
383
462
517
495
544
523
540
559
559
546
531
479
483
440
428
394
372
364
295
284
272
260
247
273
261
255
292
291
306
344
398
359
385
413
483
507
518
527
514
532
524
522
514
499
493
456
434
379
364
334
323
277
293
271
263
272
244
254
268
285
312
354
367
380
413
410
463
542
495
538
507
548
498
545
468
531
466
497
399
399
377
391
304
283
287
251
280
239
245
194
288
263
311
298
355
362
390
385
443
487
503
508
537
517
543
536
511
520
487
506
446
433
408
363
376
320
280
281
269
269
226
249
255
222
310
301
344
358
424
432
403
490
523
507
534
540
526
525
537
527
518
491
482
416
414
355
382
332
299
288
260
271
272
262
242
266
274
292
317
358
347
408
432
407
486
505
503
539
542
554
523
549
528
480
502
433
440
385
409
357
327
284
303
269
296
226
272
236
320
250
334
329
374
370
373
376
467
503
499
526
526
543
533
550
500
513
510
472
426
418
413
384
365
307
310
293
290
272
277
